52
116
120
108
125
126
122
80
86
92
129
127
133
80
95
120
40
84
80
86
80
132
121
84
87
84
84
127
81
125
136
126
136
94
126
84
84
42
83
43
43
137
140
95
44
138
124
84
130
153
132
116
88
85
90
126
135
88
90
131
127
82
96
90
138
140
132
138
131
129
100
136
166
126
87
121
91
95
132
135
139
130
98
135
54
146
135
136
98
136
98
96
100
83
58
138
98
142
113
82
84
126
122
161
82
80
122
40
133
131
126
80
86
84
40
40
80
123
80
124
95
114
114
81
105
125
41
125
125
86
128
42
84
84
122
82
83
95
95
85
114
43
96
129
84
84
105
129
131
86
88
85
142
126
128
127
127
131
89
87
96
130
91
114
89
134
131
85
131
90
132
93
139
90
91
135
92
114
95
142
96
92
93
94
98
96
99
115
137
96
48
57
100
98
98
99
107
86
108
88
100
82
122
94
122
86
133
131
122
134
134
82
122
94
99
89
48
100
48
41
82
90
94
41
89
127
93
100
94
90
90
124
90
102
159
85
91
43
125
154
100
131
126
90
94
86
45
130
127
132
100
94
87
132
87
47
130
88
89
100
138
97
140
131
135
95
141
50
101
138
90
99
140
127
93
101
135
100
95
139
140
98
96
137
104
95
98
110
98
58
140
99
153
132
84
80
132
99
120
136
110
86
47
94
40
82
84
80
124
120
92
82
40
132
41
125
84
125
110
121
81
41
110
83
42
82
42
82
83
123
163
125
43
43
125
133
87
123
86
126
99
110
87
85
125
130
132
132
129
126
87
89
123
135
129
91
99
89
92
92
135
130
141
90
90
138
81
91
132
92
95
95
128
135
136
93
56
95
136
133
96
137
100
113
98
134
98
101
97
84
122
109
82
86
122
135
135
40
125
124
130
125
86
123
126
124
123
82
109
82
123
82
41
109
123
41
89
83
109
126
84
42
83
83
43
136
126
125
127
126
133
109
135
127
127
153
128
86
169
86
87
133
128
89
131
130
147
88
91
89
89
132
92
89
131
135
130
133
59
89
92
140
93
95
98
93
110
129
94
97
140
94
142
137
96
138
139
139
98
139
50
101
144
102
133
97
123
122
91
87
134
127
124
120
91
133
122
82
131
83
82
40
87
41
82
41
82
132
129
81
121
91
133
122
82
83
104
83
104
98
93
83
123
134
139
127
43
87
47
88
127
92
88
126
93
93
97
87
46
90
135
90
129
95
91
130
89
132
98
127
50
93
90
130
133
133
91
52
93
134
96
99
88
97
143
136
102
98
99
96
139
98
104
98
146
133
141
141
124
92
141
95
133
92
140
99
139
99
124
140
123
138
40
132
100
100
91
99
82
99
100
133
124
140
82
100
138
141
124
97
124
97
95
83
100
99
125
150
100
89
133
92
44
127
137
128
142
105
98
46
101
97
91
91
100
94
94
100
143
89
102
139
93
97
90
50
101
51
151
90
45
133
47
101
104
134
104
118
136
143
144
145
136
139
101
118
104
158
102
105
103
59
116
40
116
92
85
104
84
104
84
82
122
108
124
122
130
81
125
94
82
41
81
41
123
140
84
105
57
99
124
42
83
95
136
83
98
104
125
133
128
105
86
84
116
95
86
128
88
87
133
46
106
97
89
87
88
47
94
100
132
141
108
49
89
105
100
103
89
92
90
116
94
101
52
52
88
94
95
108
104
139
96
105
134
135
98
98
109
132
58
99
117
105
82
116
98
125
112
80
83
40
40
94
43
124
40
86
41
81
140
126
127
81
81
45
93
82
124
82
124
84
82
122
83
123
123
125
141
93
124
126
84
44
126
98
127
90
125
85
103
89
131
128
87
101
90
87
96
92
88
88
112
108
102
49
129
112
91
130
136
92
51
96
132
135
135
128
129
135
133
135
135
136
100
56
115
96
128
98
136
58
96
117
149
129
95
125
125
124
88
82
102
94
94
86
102
131
41
132
87
122
81
41
81
125
129
83
106
94
106
134
82
123
131
129
43
131
137
93
130
127
85
58
44
92
128
89
88
86
90
100
49
129
90
94
47
88
87
89
99
130
135
137
89
49
106
133
91
92
132
92
133
134
136
92
53
128
100
135
97
95
99
108
141
138
95
138
101
83
144
98
84
136
108
94
108
93
93
126
124
80
80
120
100
88
127
88
128
137
121
94
94
81
142
151
100
142
82
124
124
129
87
116
135
93
125
135
83
136
142
44
88
134
89
108
126
48
110
140
140
140
133
133
91
129
47
103
135
100
153
129
108
96
125
137
50
138
91
145
130
116
139
109
100
97
103
89
98
56
54
98
99
100
100
143
136
88
97
140
58
113
95
115
133
99
93
104
104
102
93
92
132
94
102
136
127
104
93
94
94
127
141
99
99
57
128
139
97
129
87
142
137
138
98
43
110
138
93
94
138
110
98
138
131
105
109
92
46
46
106
93
87
93
47
94
94
99
110
142
144
49
49
137
144
107
91
93
134
51
96
41
52
110
140
139
147
150
96
55
104
105
132
113
97
98
100
144
109
105
116
105
127
85
98
85
125
127
125
127
129
87
127
88
130
122
81
108
126
81
88
85
127
89
124
82
43
85
83
144
86
90
90
128
149
129
131
87
129
137
108
126
130
126
127
147
131
129
133
90
136
125
131
129
129
133
108
49
109
140
140
135
99
129
100
126
133
95
109
133
137
89
134
137
140
54
140
104
136
135
141
142
111
126
90
99
113
95
131
54
100
84
94
94
124
84
134
84
84
125
90
126
98
101
94
84
126
42
84
84
42
84
84
126
108
110
90
127
99
85
137
86
90
128
86
134
45
87
45
87
91
99
138
88
89
101
131
94
90
108
93
90
110
110
110
139
134
92
92
50
137
95
135
136
106
52
95
130
135
54
135
96
44
55
55
56
111
124
143
99
145
112
139
114
113
120
84
40
92
80
126
80
80
92
81
129
104
98
101
81
121
81
84
123
82
96
82
42
84
83
123
85
83
83
110
124
101
90
84
110
116
99
126
45
85
110
101
130
129
127
89
127
94
96
132
100
110
129
108
104
129
139
116
101
50
141
41
91
94
52
106
135
88
95
108
133
96
55
96
106
110
140
96
109
107
138
58
98
117
124
80
80
126
40
128
120
86
95
123
104
132
104
121
121
89
41
86
83
86
58
100
122
137
123
138
131
43
104
43
51
87
134
124
44
92
131
89
145
103
90
86
134
106
105
134
87
105
134
92
91
99
108
49
92
132
132
136
133
137
100
146
131
143
139
52
111
153
96
92
137
138
98
104
99
139
135
100
101
109
147
99
101
142
84
80
94
40
84
51
103
81
92
129
126
92
41
94
84
121
42
84
42
84
124
42
84
90
146
85
85
127
85
131
86
95
84
86
104
87
129
129
45
132
86
130
88
98
89
87
88
90
89
48
48
102
129
99
55
89
92
91
92
133
125
91
94
136
132
95
88
138
134
93
95
103
139
132
96
135
107
132
99
175
90
84
136
126
80
40
126
40
92
81
81
103
86
92
90
41
85
115
93
96
82
86
44
82
82
43
83
83
116
113
83
84
137
84
44
124
113
104
86
85
45
103
86
104
89
87
113
87
87
56
92
128
128
92
129
99
89
136
109
131
90
107
81
51
95
92
132
134
128
113
95
94
117
95
96
98
96
135
56
88
97
98
98
58
102
147
120
83
120
98
94
84
82
41
82
129
81
94
136
52
94
82
124
83
84
42
98
127
126
125
136
83
128
96
124
124
96
94
97
126
128
87
128
138
138
87
128
131
129
82
100
90
95
103
49
108
98
45
91
102
102
102
133
51
131
134
52
134
135
102
105
132
133
100
138
104
118
105
98
98
88
97
140
118
108
59
147
124
80
126
84
121
135
116
132
81
81
88
81
82
123
82
98
84
82
122
83
123
123
83
135
83
91
126
124
84
84
94
127
126
125
85
92
46
94
128
93
94
47
108
96
94
88
88
132
89
59
92
129
132
131
97
93
121
91
134
111
92
135
128
100
132
133
114
101
114
115
99
95
96
128
137
138
101
98
142
124
92
98
84
51
83
42
83
125
94
84
126
42
84
126
126
84
84
84
98
129
43
130
135
85
130
86
100
128
86
84
87
128
88
129
129
137
86
88
90
131
131
124
90
98
100
103
49
108
99
128
92
50
90
131
91
134
130
85
94
87
137
102
136
134
97
96
128
104
132
105
140
99
106
83
144
108
108
137
99
52
81
41
130
113
94
92
81
82
115
93
96
88
94
84
88
83
83
99
94
95
113
113
124
137
44
44
129
89
138
126
89
85
103
94
98
94
47
91
127
47
96
92
99
99
101
144
96
89
97
94
102
91
141
121
91
134
132
100
97
100
89
98
134
138
135
99
100
96
139
56
128
98
138
98
98
142
136
100
81
89
81
122
100
89
41
81
83
100
82
42
82
122
123
98
138
133
43
83
126
137
87
83
96
87
128
128
86
125
86
130
103
137
98
86
101
95
99
131
89
89
90
49
92
92
135
90
112
50
101
138
121
51
92
132
135
95
102
128
96
133
96
128
104
96
56
115
108
106
114
106
109
101
137
84
114
114
114
122
82
94
84
126
42
84
123
126
125
84
126
124
155
84
113
114
52
143
86
44
85
85
89
87
129
89
126
131
130
90
88
128
91
88
91
90
130
100
114
114
144
130
90
137
92
50
101
137
51
92
136
138
114
94
104
89
98
138
96
107
99
100
97
136
109
142
57
158
99
55
137
143
89
82
84
129
89
41
82
83
124
83
123
83
84
42
124
127
94
84
84
126
128
127
84
85
88
129
128
86
126
86
130
134
137
88
87
128
95
82
131
89
89
114
100
133
131
129
91
101
98
114
135
122
132
93
133
114
136
130
129
138
134
97
136
137
96
115
98
97
141
57
106
131
139
138
125
41
82
96
82
96
138
90
96
97
55
83
87
83
92
130
44
132
84
133
131
103
125
96
96
135
45
86
89
92
91
96
95
46
91
128
88
105
47
48
93
103
95
148
98
127
91
100
91
114
97
131
134
134
93
52
108
94
135
102
98
99
134
102
110
115
136
98
139
57
99
135
139
140
137
41
129
114
122
116
84
97
123
84
42
84
42
92
127
85
106
114
114
128
104
84
128
88
114
86
86
129
87
87
133
128
46
87
100
129
82
88
89
91
114
90
143
57
86
50
92
131
89
92
92
93
93
52
93
103
94
94
138
138
107
142
112
113
115
98
57
98
57
132
133
144
100
133
92
82
82
130
124
138
98
90
83
83
42
84
95
124
133
104
106
92
99
94
105
90
138
91
45
139
47
46
92
87
87
128
106
106
47
88
90
130
138
114
102
90
127
91
133
99
48
51
99
105
134
93
52
93
104
53
136
101
114
101
137
104
150
98
98
57
98
91
99
135
141
92
101
90
138
83
96
83
90
132
83
87
90
162
84
101
137
126
154
100
94
96
85
94
108
130
129
45
131
96
90
91
131
94
47
47
128
48
89
89
97
150
96
90
130
133
50
51
142
102
103
135
109
100
94
129
100
102
99
54
140
148
107
137
95
136
111
108
152
131
43
95
142
90
116
52
94
83
90
85
83
114
84
124
124
116
84
84
125
96
108
85
90
114
91
45
126
86
128
127
87
98
108
114
88
128
88
108
132
138
110
110
90
126
95
102
91
100
133
49
92
135
133
93
93
102
103
54
134
106
136
55
96
137
136
57
89
98
99
99
58
114
113
48
42
84
123
83
83
84
83
84
110
127
84
124
85
140
86
111
89
86
134
87
45
129
45
128
96
96
88
127
111
135
123
90
48
48
131
90
130
111
94
89
92
91
111
133
135
92
133
138
134
136
130
135
102
99
96
128
96
55
97
111
107
139
98
91
90
133
114
125
84
42
83
99
83
123
116
132
158
166
84
84
84
92
128
148
127
85
116
129
93
126
93
131
127
138
130
146
116
128
146
132
90
96
140
130
90
133
142
137
134
92
131
141
122
132
173
133
93
95
169
116
133
134
97
136
144
103
137
98
59
142
139
139
138
142
101
101
42
84
84
125
42
84
92
139
85
88
114
43
136
44
86
86
44
92
45
87
87
87
90
128
96
46
93
89
129
124
48
90
90
90
91
134
109
97
96
50
50
92
95
93
133
94
96
94
95
88
96
92
135
54
86
97
90
98
98
82
101
57
133
108
97
95
101
106
106
125
84
96
118
167
127
100
97
85
134
86
106
96
86
97
87
129
129
129
105
96
96
88
135
97
104
104
90
48
96
132
97
132
106
106
106
92
50
101
137
135
108
136
98
109
53
130
97
102
118
96
112
108
112
115
56
40
118
99
158
118
139
59
59
42
84
84
124
125
137
105
43
85
85
137
87
88
44
128
94
129
87
127
87
103
100
94
130
89
94
47
95
104
92
90
90
131
92
92
97
106
132
102
51
138
102
133
136
134
109
53
130
100
96
51
98
128
108
97
138
95
138
90
99
142
115
101
139
84
42
126
90
90
99
94
85
125
101
109
101
106
86
90
136
87
45
87
45
133
94
98
91
47
111
89
130
93
103
131
48
91
107
111
139
95
134
92
92
141
137
93
134
98
94
53
100
142
54
93
138
86
96
55
98
111
141
132
105
103
148
133
114
113
124
84
85
127
127
85
85
127
128
108
126
88
90
138
91
45
127
87
129
103
140
88
89
129
131
124
93
131
131
90
131
131
99
128
92
134
101
131
134
123
51
96
56
135
95
136
136
96
135
98
128
138
97
138
140
99
113
99
92
109
102
139
126
42
104
104
43
125
91
85
128
86
88
44
86
94
87
128
87
87
103
128
88
88
90
47
94
82
89
90
90
90
99
92
91
97
97
92
92
92
99
83
97
52
94
94
94
46
100
134
97
96
97
138
103
92
98
99
140
83
133
100
106
137
143
90
85
85
126
114
114
86
128
87
86
96
114
128
87
129
45
88
96
96
46
93
89
104
40
130
48
96
132
91
134
89
87
58
134
134
84
93
93
103
94
94
93
111
88
95
102
96
138
139
142
112
115
56
57
99
99
100
138
130
101
134
104
126
141
145
103
127
98
108
87
102
116
96
57
128
45
130
129
96
46
93
111
130
130
48
98
100
103
49
108
111
132
96
101
102
111
97
124
94
52
135
100
143
94
137
54
99
100
138
96
55
105
111
99
106
140
93
58
101
59
113
86
139
155
111
87
95
111
127
145
139
143
140
131
128
133
91
103
95
52
111
144
125
95
133
143
147
144
95
111
172
102
148
145
111
44
150
97
52
147
142
151
97
141
106
97
155
146
96
55
156
111
139
143
126
101
145
141
114
154
148
97
128
87
129
90
87
87
127
89
130
45
108
133
94
92
90
47
90
90
125
91
92
133
97
92
135
132
92
97
93
133
97
130
126
134
95
137
96
96
89
135
101
54
138
95
145
141
98
138
139
111
40
101
141
127
179
113
86
86
94
44
126
87
87
135
96
129
128
129
87
129
100
134
129
117
90
98
136
96
48
56
92
49
49
98
89
98
93
94
95
117
94
135
96
95
96
145
139
100
94
99
111
104
90
99
138
140
100
113
149
90
58
140
41
110
151
130
91
129
104
56
129
88
105
151
110
89
89
106
136
44
90
90
131
132
134
110
132
135
92
92
94
106
93
114
136
124
94
139
84
52
138
97
97
138
136
99
55
139
100
89
100
57
141
57
101
114
103
115
127
94
87
96
127
87
114
88
129
105
128
110
110
139
89
103
106
106
130
91
96
48
110
132
92
112
98
89
93
93
112
138
103
134
137
135
95
138
131
53
49
136
97
55
97
56
141
112
57
91
100
143
90
107
115
108
138
99
105
92
140
92
137
132
129
46
92
151
132
134
107
107
126
140
134
140
150
159
100
143
173
144
149
184
140
131
108
135
139
176
103
152
160
54
143
98
146
101
154
142
152
142
111
144
127
102
150
142
186
92
102
130
88
136
58
104
131
131
104
98
139
90
137
102
134
95
92
98
92
100
49
93
93
141
133
94
50
51
51
102
138
138
52
138
101
102
140
104
138
98
130
87
46
105
102
126
106
101
158
134
102
105
85
44
90
45
131
135
45
129
103
136
134
130
89
47
92
47
103
92
100
112
110
110
96
94
93
50
94
91
140
95
134
95
135
100
53
100
45
54
100
98
95
55
56
56
103
100
132
101
182
102
99
104
113
96
89
105
130
89
89
59
96
96
132
91
91
91
91
100
48
96
132
97
136
135
93
137
94
135
95
143
125
95
96
136
138
97
90
89
98
95
140
114
99
100
100
139
100
132
127
142
102
102
146
105
48
89
45
105
130
46
92
93
90
93
95
91
132
92
48
96
110
97
93
133
93
95
94
94
136
139
136
138
99
114
96
97
132
135
102
114
98
55
141
134
140
139
105
57
101
103
106
128
107
92
137
93
90
139
94
100
90
138
134
47
47
92
103
96
99
148
133
108
141
49
97
50
94
136
95
140
116
89
139
91
98
100
90
99
145
100
103
100
101
92
95
57
105
104
151
58
106
59
103
46
90
132
46
92
96
91
134
134
133
138
48
93
48
135
107
140
109
98
89
95
95
95
99
138
142
139
109
97
140
133
141
99
143
54
89
100
100
101
143
127
111
102
104
90
113
95
92
132
90
91
137
96
100
92
100
92
92
48
93
91
93
106
138
135
138
50
101
95
93
96
94
96
102
101
97
98
145
98
99
138
100
100
100
100
142
140
102
102
143
58
115
103
116
137
130
105
105
137
133
92
92
135
92
135
137
138
105
137
153
141
137
138
95
137
95
152
86
136
139
97
97
98
133
90
99
99
102
50
100
100
101
148
141
136
85
146
103
143
143
151
93
110
134
46
92
134
92
85
93
93
93
93
94
148
134
100
96
137
95
95
97
126
58
97
137
99
98
94
100
99
54
99
131
141
100
141
101
101
104
142
136
103
88
104
113
46
105
133
93
141
99
93
94
94
94
110
143
136
136
139
135
140
140
94
93
145
98
143
133
98
139
146
99
105
105
100
55
146
146
147
144
144
103
144
137
136
145
141
46
92
94
47
100
53
93
98
48
96
110
97
98
95
95
97
146
102
51
47
102
52
97
87
98
147
100
106
101
148
142
55
148
107
145
101
136
144
108
158
110
112
155
92
98
51
94
47
93
48
48
96
146
97
148
95
95
101
101
96
135
97
118
97
91
87
93
98
104
100
102
118
118
101
103
144
139
95
136
118
132
152
104
59
149
59
47
100
134
86
93
94
91
103
49
102
103
132
50
96
96
130
51
101
104
98
98
54
103
48
140
100
100
100
132
104
101
105
102
103
106
103
139
104
108
105
147
100
98
94
99
95
91
95
96
145
142
136
50
106
108
98
94
106
99
98
134
101
100
53
134
54
101
147
102
143
102
142
146
103
150
87
148
133
110
152
110
47
94
136
137
91
101
101
139
112
96
50
97
137
112
106
106
138
99
128
96
100
53
53
101
144
118
99
97
56
45
56
57
152
101
145
105
59
106
150
94
95
95
135
135
118
136
106
96
97
97
97
98
100
107
105
136
134
138
100
100
53
142
98
101
108
143
103
92
48
104
137
130
105
105
59
106
106
135
88
136
136
131
147
49
96
98
97
95
44
98
95
98
134
88
53
100
128
92
101
103
101
102
102
100
103
96
97
104
101
138
105
90
141
139
95
96
138
97
102
96
136
98
53
98
136
51
110
107
100
135
99
99
104
141
102
145
102
134
55
96
109
143
112
144
104
106
105
107
107
107
48
103
49
108
137
98
89
98
98
99
95
141
100
139
135
100
101
102
137
54
143
102
103
104
103
105
104
88
105
105
139
90
91
107
107
96
97
92
97
50
41
50
50
101
142
141
100
93
140
143
94
103
101
97
141
102
103
144
103
106
147
105
139
104
139
42
106
101
89
54
105
105
103
137
111
139
114
151
151
139
142
146
114
101
107
154
102
141
143
55
109
103
56
115
155
111
57
151
138
113
162
97
59
110
94
99
99
99
100
100
100
100
101
101
103
110
53
154
103
114
114
109
55
95
56
115
137
57
111
109
107
59
108
116
98
142
133
108
142
143
51
110
108
144
145
101
110
104
145
141
143
103
147
55
96
115
152
149
116
158
139
50
107
109
90
98
107
146
142
93
141
110
100
143
52
101
101
137
141
144
143
55
104
55
56
148
112
114
109
114
161
107
107
96
90
91
99
100
140
142
96
100
138
90
101
102
143
139
147
146
144
104
149
149
105
143
106
133
132
185
92
133
104
139
91
91
139
101
142
97
52
102
104
53
98
103
104
150
143
144
108
106
95
106
107
148
107
108
83
109
142
130
100
111
104
106
116
135
144
111
103
53
95
104
106
104
136
105
106
56
115
107
138
54
159
58
147
109
139
51
101
101
101
95
102
97
51
138
139
54
149
104
136
106
96
106
106
90
151
107
108
92
93
109
109
98
51
103
144
102
97
102
104
101
104
102
105
94
97
56
106
112
141
105
57
139
108
94
115
135
106
99
96
103
98
144
53
104
148
141
149
102
106
97
151
148
149
108
149
142
101
153
154
110
132
135
93
142
110
53
54
103
153
118
96
55
96
148
149
106
138
108
148
99
59
110
158
45
92
103
146
143
158
146
112
147
106
147
147
107
153
107
139
148
143
58
109
117
135
137
92
105
98
140
106
149
148
149
148
107
144
150
146
156
135
145
103
150
111
104
93
151
140
146
152
114
55
96
107
98
157
150
109
57
109
109
110
114
96
116
104
102
105
106
150
148
96
107
107
108
149
109
109
57
143
110
143
150
106
140
98
105
104
148
139
55
96
109
109
93
143
136
156
110
137
112
112
106
107
143
142
143
108
109
98
109
110
110
107
162
111
112
153
163
99
145
143
108
100
101
98
101
57
110
146
144
143
112
149
145
118
146
98
109
105
110
157
106
118
141
147
112
112
113
59
110
149
155
148
152
146
150
57
94
109
114
142
151
59
140
100
100
152
149
136
57
111
109
100
59
41
116
99
99
100
155
112
112
112
156
113
153
158
101
41
111
97
112
112
153
154
105
113
59
145
101
56
113
147
113
146
113
115
59
131
59
102
113
58
162
114
104
151
140
96
155
117
153
153
107
115
115
144
114
154
115
114
99
99
105
52
146
116
98
59
141
112
112
152
153
151
156
150
111
148
59
131
100
99
118
